-163 64 1
-168 64 6
-165 66 1
-170 71 1
-165 68 6
-165 73 6
-166 63 9
-165 73 6
-163 68 1
-166 67 4
-163 66 1
-169 74 2
-166 70 2
-166 70 -3
-166 70 9
-162 65 7
-164 65 2
-164 72 9
-156 66 3
-172 71 -2
-171 65 0
-173 53 -3
-179 64 -2
-170 101 3
-119 148 13
-123 130 16
-116 130 12
-95 135 14
-71 136 20
-47 126 29
-30 121 21
-13 136 8
-22 131 13
-5 119 12
-10 102 19
-15 82 20
16 72 19
24 57 6
31 40 8
28 31 -4
19 26 8
-2 57 23
-47 102 26
-75 153 10
-109 189 -13
-141 184 -27
-145 181 -19
-149 169 -19
-171 95 -5
-165 75 3
-165 43 3
-155 -12 -15
-148 -24 -10
-151 -27 -19
-98 -20 8
-70 39 36
-57 89 42
-68 110 30
-71 103 35
-79 112 36
-119 120 32
-166 81 14
-183 44 -5
-173 42 2
-149 5 3
-126 -34 3
-103 -34 3
-117 -18 13
-166 9 -3
-192 30 -20
-177 99 -11
-133 174 -11
-100 205 -25
-87 211 -28
-80 225 -36
-125 182 -15
-176 149 -20
-186 94 -14
-187 74 -15
-170 64 -4
-164 32 2
-166 -3 -15
-162 -17 -17
-151 -34 -26
-135 -55 -28
-135 -53 -31
-120 -50 -22
-118 -59 -25
-111 -82 -51
-108 -90 -86
-118 -92 -102
-112 -90 -128
-118 -92 -136
-133 -81 -130
-145 -81 -89
-141 -59 -49
-149 -27 -16
-157 35 -5
-179 71 3
-191 96 -14
-199 133 -34
-189 170 -59
-183 207 -97
-198 197 -125
-198 204 -147
-184 209 -183
-181 199 -208
-180 175 -235
-184 129 -254
-172 82 -263
-154 31 -261
-131 -9 -261
-104 -33 -240
-75 -58 -225
-40 -78 -199
-13 -83 -171
5 -72 -149
0 -78 -160
-27 -69 -203
-75 -48 -244
-127 2 -267
-186 59 -258
-217 91 -218
-230 99 -183
-232 89 -183
-217 58 -199
-198 17 -220
-151 -34 -227
-112 -55 -222
-101 -58 -217
-139 -33 -238
-228 71 -195
-239 110 -159
-229 140 -131
-223 150 -135
-221 164 -142
-204 188 -149
-179 220 -154
-142 248 -179
-103 251 -203
-75 244 -232
-34 216 -256
-10 189 -272
14 174 -266
41 168 -252
31 202 -222
14 225 -217
-20 232 -229
-45 220 -256
-73 199 -271
-87 162 -295
-104 109 -296
-88 42 -296
-63 16 -279
-28 -10 -264
3 -6 -251
38 10 -251
55 56 -245
58 115 -239
6 182 -267
-30 168 -281
-57 96 -297
-33 42 -289
33 31 -261
53 37 -238
62 88 -235
55 133 -243
21 150 -275
-2 110 -283
-25 68 -297
-4 47 -287
19 29 -266
32 39 -264
34 86 -267
18 100 -284
2 79 -291
6 58 -279
20 58 -281
20 77 -272
26 82 -278
19 64 -273
3 40 -275
-9 64 -283
8 96 -283
19 87 -278
10 50 -271
-34 68 -300
-39 110 -300
34 123 -269
42 87 -258
16 25 -260
-24 -5 -257
-72 2 -272
-67 65 -301
-11 129 -290
34 151 -250
64 88 -243
44 24 -239
5 -34 -217
-18 -20 -251
-49 9 -277
-66 75 -295
-74 121 -296
-57 155 -290
-26 186 -279
13 182 -257
31 183 -246
56 176 -227
69 175 -192
56 216 -157
28 227 -111
3 241 -94
-20 232 -67
2 219 -61
16 170 -27
23 119 -8
-41 52 35
-88 74 33
-118 88 26
-104 119 19
-47 147 19
-11 155 13
12 108 8
38 68 -2
81 82 -50
88 68 -70
97 47 -96
93 40 -101
91 24 -94
70 -18 -96
62 -36 -93
65 -11 -55
40 12 -16
-10 18 26
-65 -10 19
-85 -18 10
-131 -44 -24
-140 -55 -45
-146 -66 -59
-142 -65 -53
-150 -66 -83
-204 -20 -82
-229 30 -83
-238 79 -88
-236 112 -107
-219 0 -165
-213 -5 -172
-232 64 -174
-233 140 -158
-214 190 -166
-192 198 -165
-169 238 -151
-136 252 -165
-101 260 -162
-63 263 -134
-51 263 -117
-74 263 -134
-116 263 -146
-183 221 -155
-236 123 -165
-230 38 -125
-195 -39 -86
-146 -61 -63
-105 -74 -38
-90 -71 -27
-26 -47 -5
28 85 8
14 148 -7
-17 184 -13
-72 198 -10
-126 153 8
-150 93 14
-133 29 20
-93 -26 12
-63 -24 12
-39 -44 3
-18 -58 -21
-13 -79 -50
-45 -93 -60
-68 -86 -53
-80 -90 -60
-86 -89 -71
-70 -87 -47
-13 -67 -31
29 -50 -34
67 -4 -55
93 52 -67
89 100 -66
79 134 -72
35 192 -65
1 216 -50
-39 223 -43
-101 206 -21
-170 162 -24
-186 141 -24
-199 130 -27
-191 136 -28
-143 182 -25
-67 221 -47
9 231 -85
55 196 -93
82 170 -139
39 156 -255
1 157 -278
-47 112 -301
-107 49 -291
-117 5 -271
-70 7 -274
46 49 -252
101 109 -146
53 135 -34
-6 162 -2
-74 177 0
-87 160 6
-118 112 14
-145 108 6
-63 65 36
-14 -24 7
5 -48 -43
50 -33 -71
81 103 -62
28 174 -36
-35 177 2
-92 174 3
-134 144 -5
-162 107 2
-156 85 3
-165 87 -2
-172 85 -2
-173 79 4
-160 81 4
-163 78 6
-160 79 0
-164 77 7
-156 75 10
-163 71 10
-162 70 7
-161 78 10
-161 71 6
-163 71 8
-162 67 12
-158 71 10
-162 70 9
-162 74 4
-161 75 3
-163 64 6
-158 73 1
